file_id,p_D,p_A,p_S
SCH_001_CLS_0024_P005497,0.4284246563911438,0.5529259443283081,0.3651396930217743
SCH_001_CLS_0037_P000792,0.38048267364501953,0.5257583856582642,0.3543437123298645
SCH_001_CLS_0037_P002588,0.37314456701278687,0.5218610763549805,0.32629290223121643
SCH_001_CLS_0041_P000936,0.3749738037586212,0.5335432887077332,0.3228674829006195
SCH_001_CLS_0041_P002670,0.40846550464630127,0.5683199763298035,0.3687693178653717
SCH_001_CLS_0129_P000523,0.37314456701278687,0.5296526551246643,0.3436940908432007
SCH_001_CLS_0129_P003681,0.5904958844184875,0.7438384294509888,0.5461572408676147
SCH_001_CLS_0220_P001131,0.3568499684333801,0.5257583856582642,0.3110291063785553
SCH_001_CLS_0229_P007117,0.4612109363079071,0.6315034031867981,0.42098039388656616
SCH_001_CLS_0232_P006817,0.40846550464630127,0.5930437445640564,0.3927094340324402
SCH_002_CLS_0054_P004965,0.3713189661502838,0.545188844203949,0.32973697781562805
SCH_002_CLS_0057_P002831,0.6115675568580627,0.7177246809005737,0.5558210015296936
SCH_002_CLS_0078_P001106,0.22623613476753235,0.32457780838012695,0.2008083015680313
SCH_002_CLS_0078_P006539,0.22898301482200623,0.32973697781562805,0.20332762598991394
SCH_002_CLS_0102_P006214,0.30503445863723755,0.43628576397895813,0.26314470171928406
SCH_002_CLS_0112_P000821,0.4524874985218048,0.6038384437561035,0.3815882205963135
SCH_002_CLS_0112_P006373,0.42364874482154846,0.580732524394989,0.3401782214641571
SCH_002_CLS_0112_P006459,0.5585196614265442,0.67951899766922,0.4847702980041504
SCH_002_CLS_0112_P006919,0.6383394002914429,0.7513928413391113,0.6159198880195618
SCH_002_CLS_0127_P000260,0.41983821988105774,0.581683337688446,0.38898932933807373
SCH_002_CLS_0175_P001173,0.19880977272987366,0.29453954100608826,0.18618382513523102
SCH_002_CLS_0192_P002099,0.2807740867137909,0.4020633399486542,0.24393050372600555
SCH_002_CLS_0198_P001338,0.4865267276763916,0.6315034031867981,0.4478466212749481
SCH_002_CLS_0198_P004064,0.30173224210739136,0.4401323199272156,0.24973991513252258
SCH_002_CLS_0214_P000691,0.3133777678012848,0.4401323199272156,0.2723340690135956
SCH_002_CLS_0221_P003069,0.3550589978694916,0.5228356719017029,0.31607362627983093
SCH_002_CLS_0221_P007063,0.3878757655620575,0.532571017742157,0.33667993545532227
SCH_002_CLS_0237_P000399,0.4865267276763916,0.6485998630523682,0.43436530232429504
SCH_002_CLS_0237_P002191,0.47677454352378845,0.6085010170936584,0.42098039388656616
SCH_002_CLS_0237_P002230,0.6517539620399475,0.7762160301208496,0.6521528363227844
SCH_002_CLS_0237_P004256,0.5633299350738525,0.683546245098114,0.49355506896972656
SCH_003_CLS_0014_P002935,0.18665781617164612,0.27078863978385925,0.17918558418750763
SCH_003_CLS_0014_P007026,0.2871277332305908,0.4058254361152649,0.24973991513252258
SCH_003_CLS_0035_P004593,0.18904155492782593,0.2929188013076782,0.17918558418750763
SCH_003_CLS_0043_P005941,0.2919488847255707,0.43820810317993164,0.24393050372600555
SCH_003_CLS_0043_P005944,0.20383429527282715,0.2913033366203308,0.18856292963027954
SCH_003_CLS_0048_P000121,0.27919915318489075,0.38898932933807373,0.23538948595523834
SCH_003_CLS_0060_P000688,0.20383429527282715,0.31607362627983093,0.19096529483795166
SCH_003_CLS_0060_P004243,0.31506121158599854,0.48574599623680115,0.27388501167297363
SCH_003_CLS_0060_P005317,0.3514891266822815,0.520886242389679,0.31607362627983093
SCH_003_CLS_0062_P003039,0.1556936800479889,0.23821333050727844,0.15942667424678802
SCH_003_CLS_0062_P006172,0.22215965390205383,0.3419339954853058,0.20332762598991394
SCH_003_CLS_0064_P001939,0.23036523163318634,0.33667993545532227,0.2008083015680313
SCH_003_CLS_0064_P006786,0.2839401960372925,0.40959855914115906,0.24393050372600555
SCH_003_CLS_0064_P007755,0.20638173818588257,0.3027207851409912,0.18856292963027954
SCH_003_CLS_0072_P003013,0.31674957275390625,0.4925786256790161,0.25862544775009155
SCH_003_CLS_0073_P003373,0.31169915199279785,0.4672345221042633,0.26618555188179016
SCH_003_CLS_0073_P005060,0.2807740867137909,0.42670372128486633,0.23538948595523834
SCH_003_CLS_0073_P006889,0.19144859910011292,0.27700334787368774,0.18149520456790924
SCH_003_CLS_0083_P000736,0.1577586978673935,0.2298116534948349,0.15734389424324036
SCH_003_CLS_0083_P002920,0.5099595785140991,0.6364887356758118,0.43628576397895813
SCH_003_CLS_0092_P001253,0.30173224210739136,0.4672345221042633,0.25415709614753723
SCH_003_CLS_0092_P006168,0.3033808171749115,0.44398611783981323,0.25120657682418823
SCH_003_CLS_0116_P004367,0.12557920813560486,0.20332762598991394,0.13958393037319183
SCH_003_CLS_0118_P002646,0.15984591841697693,0.24973991513252258,0.16365918517112732
SCH_003_CLS_0130_P002178,0.23878087103366852,0.3927094340324402,0.21893645823001862
SCH_003_CLS_0130_P002722,0.501171886920929,0.6468172669410706,0.4133824110031128
SCH_003_CLS_0130_P004220,0.18665781617164612,0.27857068181037903,0.1746353656053543
SCH_003_CLS_0140_P007280,0.2729537785053253,0.4133824110031128,0.2298116534948349
SCH_003_CLS_0140_P007624,0.2729537785053253,0.3945741355419159,0.2298116534948349
SCH_003_CLS_0142_P001696,0.2935664653778076,0.4247937500476837,0.2410603165626526
SCH_003_CLS_0142_P002763,0.39532092213630676,0.5179610252380371,0.34722715616226196
SCH_003_CLS_0142_P004825,0.4777490794658661,0.6346791982650757,0.390847772359848
SCH_003_CLS_0142_P005768,0.1662418097257614,0.24393050372600555,0.16365918517112732
SCH_003_CLS_0170_P001300,0.2807740867137909,0.42670372128486633,0.23538948595523834
SCH_003_CLS_0170_P001744,0.22898301482200623,0.3561330735683441,0.20332762598991394
SCH_003_CLS_0170_P005796,0.1556936800479889,0.23538948595523834,0.15942667424678802
SCH_003_CLS_0170_P005883,0.3497103750705719,0.4818439483642578,0.3093574345111847
SCH_003_CLS_0170_P007180,0.36767885088920593,0.5121070146560669,0.3110291063785553
SCH_003_CLS_0173_P007465,0.21548278629779816,0.3419339954853058,0.19339099526405334
SCH_003_CLS_0174_P007471,0.282354474067688,0.3964419960975647,0.24973991513252258
SCH_003_CLS_0191_P004296,0.33563390374183655,0.49062612652778625,0.2977965772151947
SCH_003_CLS_0196_P002045,0.2373637557029724,0.3384268581867218,0.20843660831451416
SCH_003_CLS_0196_P002305,0.46315285563468933,0.6122169494628906,0.4190772473812103
SCH_003_CLS_0196_P003414,0.3823258876800537,0.5335432887077332,0.33667993545532227
SCH_003_CLS_0196_P006834,0.26527097821235657,0.44205835461616516,0.2298116534948349
SCH_003_CLS_0207_P003380,0.3235510587692261,0.4478466212749481,0.27857068181037903
SCH_003_CLS_0207_P004071,0.18665781617164612,0.26618555188179016,0.17918558418750763
SCH_003_CLS_0207_P006400,0.3033808171749115,0.43436530232429504,0.25862544775009155
SCH_003_CLS_0228_P005738,0.2935664653778076,0.4305303692817688,0.2410603165626526
SCH_003_CLS_0228_P006896,0.22081255912780762,0.3143872320652008,0.19339099526405334
SCH_003_CLS_0228_P007153,0.19387894868850708,0.28648853302001953,0.18149520456790924
SCH_003_CLS_0228_P007307,0.22081255912780762,0.32629290223121643,0.19339099526405334
SCH_003_CLS_0240_P002811,0.24020381271839142,0.3561330735683441,0.2110263556241989
SCH_003_CLS_0240_P006246,0.17964567244052887,0.27078863978385925,0.1768990010023117
SCH_003_CLS_0240_P006809,0.25474992394447327,0.3945741355419159,0.2216200977563858
SCH_004_CLS_0007_P001108,0.4179365336894989,0.5788291096687317,0.38898932933807373
SCH_004_CLS_0007_P001878,0.2562359869480133,0.3669526278972626,0.2216200977563858
SCH_004_CLS_0007_P005997,0.5890782475471497,0.7296354174613953,0.5835831165313721
SCH_004_CLS_0012_P003213,0.3338940143585205,0.46334707736968994,0.2880881428718567
SCH_004_CLS_0017_P001881,0.3133777678012848,0.4779440462589264,0.26466232538223267
SCH_004_CLS_0017_P006591,0.47482597827911377,0.6274034976959229,0.45364904403686523
SCH_004_CLS_0017_P006909,0.4418656826019287,0.5958688855171204,0.4247937500476837
SCH_004_CLS_0051_P000265,0.3338940143585205,0.45752447843551636,0.28969311714172363
SCH_004_CLS_0051_P000528,0.30503445863723755,0.44205835461616516,0.25713035464286804
SCH_004_CLS_0051_P002749,0.39906200766563416,0.5422815680503845,0.3561330735683441
SCH_004_CLS_0051_P003138,0.4709312617778778,0.6196094155311584,0.4517134428024292
SCH_004_CLS_0051_P003464,0.40846550464630127,0.5403417944908142,0.3687693178653717
SCH_004_CLS_0051_P003559,0.37864288687705994,0.5130829811096191,0.3384268581867218
SCH_004_CLS_0051_P005085,0.3514891266822815,0.5121070146560669,0.31270572543144226
SCH_004_CLS_0051_P006026,0.4953126311302185,0.6287721991539001,0.445915549993515
SCH_004_CLS_0051_P006389,0.4515199661254883,0.6094311475753784,0.4058254361152649
SCH_004_CLS_0068_P000039,0.31002551317214966,0.47112593054771423,0.26771435141563416
SCH_004_CLS_0068_P003343,0.23454688489437103,0.3436940908432007,0.20332762598991394
SCH_004_CLS_0068_P003514,0.3514891266822815,0.48086869716644287,0.3110291063785553
SCH_004_CLS_0068_P004139,0.42364874482154846,0.5883215665817261,0.3927094340324402
SCH_004_CLS_0149_P006457,0.31674957275390625,0.46334707736968994,0.26924875378608704
SCH_004_CLS_0149_P007598,0.37314456701278687,0.5500273704528809,0.3349374234676361
SCH_004_CLS_0208_P000514,0.26679643988609314,0.3760730028152466,0.23258893191814423
SCH_004_CLS_0208_P001004,0.2919488847255707,0.42098039388656616,0.25415709614753723
SCH_004_CLS_0208_P006636,0.36405375599861145,0.526732325553894,0.32457780838012695
SCH_004_CLS_0218_P000007,0.37864288687705994,0.5082023739814758,0.32973697781562805
SCH_004_CLS_0218_P003571,0.7269687056541443,0.7984383702278137,0.6477090716362
SCH_004_CLS_0218_P006404,0.4332139790058136,0.6071042418479919,0.4114891588687897
SCH_005_CLS_0001_P000156,0.4670400321483612,0.6196094155311584,0.43628576397895813
SCH_005_CLS_0001_P000876,0.5041014552116394,0.6454775333404541,0.4652903079986572
SCH_005_CLS_0001_P001802,0.8032972812652588,0.8481690883636475,0.7456947565078735
SCH_005_CLS_0001_P001805,0.7113907933235168,0.7917566895484924,0.6436877250671387
SCH_005_CLS_0001_P002002,0.7189496755599976,0.78884357213974,0.6607417464256287
SCH_005_CLS_0001_P003265,0.6059856414794922,0.7473579049110413,0.5939861536026001
SCH_005_CLS_0001_P003369,0.5786386728286743,0.7082075476646423,0.5461572408676147
SCH_005_CLS_0001_P006196,0.38048267364501953,0.532571017742157,0.3384268581867218
SCH_005_CLS_0001_P006542,0.6358557939529419,0.7466195821762085,0.5883215665817261
SCH_005_CLS_0050_P000338,0.6907259821891785,0.7829281091690063,0.6543648838996887
SCH_005_CLS_0050_P002145,0.6403660178184509,0.7765551209449768,0.616381824016571
SCH_005_CLS_0050_P006920,0.8081883788108826,0.8541075587272644,0.7442104816436768
SCH_005_CLS_0063_P000864,0.6586480736732483,0.7630602717399597,0.6405459046363831
SCH_005_CLS_0067_P000148,0.4122461974620819,0.5384007692337036,0.36333057284355164
SCH_005_CLS_0067_P001139,0.4826241433620453,0.6089661717414856,0.4133824110031128
SCH_005_CLS_0067_P004498,0.7754007577896118,0.8252519965171814,0.7024484276771545
SCH_005_CLS_0067_P006299,0.6041187047958374,0.7210267782211304,0.5519601702690125
SCH_005_CLS_0067_P007492,0.5681282877922058,0.7104412317276001,0.5432509779930115
SCH_005_CLS_0067_P007541,0.5695654153823853,0.7089259624481201,0.5384007692337036
SCH_005_CLS_0069_P001363,0.6854864358901978,0.7799258828163147,0.5902124643325806
SCH_005_CLS_0069_P004509,0.7399489283561707,0.8136977553367615,0.679093599319458
SCH_005_CLS_0069_P004958,0.4457224905490875,0.5731050968170166,0.3927094340324402
SCH_005_CLS_0069_P005974,0.5323765277862549,0.6771752238273621,0.5101548433303833
SCH_005_CLS_0069_P007124,0.7187523245811462,0.7875393033027649,0.6581099629402161
SCH_005_CLS_0070_P002866,0.46412426233291626,0.6436877250671387,0.4672345221042633
SCH_005_CLS_0070_P003495,0.5676490068435669,0.6902668476104736,0.523810088634491
SCH_005_CLS_0070_P003905,0.7361730337142944,0.8195469379425049,0.6953586935997009
SCH_005_CLS_0074_P000654,0.77403724193573,0.8346226811408997,0.6973204016685486
SCH_005_CLS_0074_P003328,0.46412426233291626,0.5986876487731934,0.41527819633483887
SCH_005_CLS_0074_P005526,0.515815019607544,0.6490448713302612,0.4769694209098816
SCH_005_CLS_0074_P007158,0.5031249523162842,0.6583296656608582,0.4672345221042633
SCH_005_CLS_0074_P007327,0.6210353970527649,0.7408499121665955,0.5977487564086914
SCH_005_CLS_0081_P001519,0.7557812333106995,0.8183887004852295,0.6837574243545532
SCH_005_CLS_0084_P002762,0.5676490068435669,0.6960822939872742,0.5286794304847717
SCH_005_CLS_0084_P003200,0.46315285563468933,0.601967990398407,0.42670372128486633
SCH_005_CLS_0084_P003813,0.7081722021102905,0.779254674911499,0.6378432512283325
SCH_005_CLS_0084_P004599,0.6996239423751831,0.7721185684204102,0.6205296516418457
SCH_005_CLS_0084_P005949,0.60551917552948,0.735470712184906,0.5826334953308105
SCH_005_CLS_0084_P006046,0.7834588289260864,0.8420335650444031,0.7243051528930664
SCH_005_CLS_0086_P001368,0.6527506709098816,0.763765811920166,0.6310487985610962
SCH_005_CLS_0086_P002283,0.7127922773361206,0.7862291932106018,0.6255753636360168
SCH_005_CLS_0086_P005001,0.5187411904335022,0.6637997031211853,0.4925786256790161
SCH_005_CLS_0086_P005686,0.6301843523979187,0.7458799481391907,0.601967990398407
SCH_005_CLS_0086_P005868,0.6017807722091675,0.7239149212837219,0.5692780613899231
SCH_005_CLS_0086_P007350,0.5681282877922058,0.6897446513175964,0.5218610763549805
SCH_005_CLS_0107_P001538,0.6502007842063904,0.7623533010482788,0.6043055057525635
SCH_005_CLS_0107_P002492,0.5070307850837708,0.632865846157074,0.4517134428024292
SCH_005_CLS_0107_P007241,0.4179365336894989,0.5558210015296936,0.3651396930217743
SCH_005_CLS_0134_P006190,0.5522499084472656,0.6839686036109924,0.5062496662139893
SCH_005_CLS_0148_P000289,0.5391772985458374,0.6677112579345703,0.4994140565395355
SCH_005_CLS_0148_P002417,0.5848166346549988,0.7156674861907959,0.5702356100082397
SCH_005_CLS_0148_P005649,0.5575562119483948,0.7066157460212708,0.526732325553894
SCH_005_CLS_0148_P006844,0.5411178469657898,0.6651061177253723,0.5013672113418579
SCH_005_CLS_0148_P006851,0.5705227851867676,0.6891173124313354,0.523810088634491
SCH_005_CLS_0148_P006969,0.5391772985458374,0.6816419959068298,0.5247843265533447
SCH_005_CLS_0152_P000092,0.769218921661377,0.8148791790008545,0.685128390789032
SCH_005_CLS_0152_P001738,0.4855508804321289,0.6598655581474304,0.48574599623680115
SCH_005_CLS_0152_P003447,0.6390154957771301,0.7468042969703674,0.5902124643325806
SCH_005_CLS_0152_P003919,0.659416139125824,0.7676202058792114,0.632865846157074
SCH_005_CLS_0152_P004794,0.7699116468429565,0.8340827822685242,0.6907886266708374
SCH_005_CLS_0152_P005276,0.38973233103752136,0.5296526551246643,0.3436940908432007
SCH_005_CLS_0152_P005781,0.393454909324646,0.5277059674263,0.3436940908432007
SCH_005_CLS_0152_P007683,0.6247057318687439,0.7382163405418396,0.5750153660774231
SCH_005_CLS_0156_P001401,0.7292884588241577,0.7962291240692139,0.6490448713302612
SCH_005_CLS_0156_P007361,0.5700441598892212,0.6902668476104736,0.5189362168312073
SCH_005_CLS_0177_P002871,0.5508006811141968,0.6748223900794983,0.5121070146560669
SCH_005_CLS_0177_P003673,0.6405909061431885,0.7397233843803406,0.5596751570701599
SCH_005_CLS_0187_P000242,0.6670432686805725,0.7710859179496765,0.6360366940498352
SCH_005_CLS_0187_P000440,0.7323622107505798,0.8077034950256348,0.6810059547424316
SCH_005_CLS_0187_P001780,0.4738520085811615,0.6154577136039734,0.4305303692817688
SCH_005_CLS_0187_P005775,0.585290789604187,0.7115292549133301,0.545188844203949
SCH_005_CLS_0187_P006453,0.6324573159217834,0.7469889521598816,0.5930437445640564
SCH_005_CLS_0187_P007199,0.5187411904335022,0.6600847840309143,0.4759950339794159
SCH_005_CLS_0187_P007319,0.4680125415325165,0.6159198880195618,0.4247937500476837
SCH_005_CLS_0187_P007377,0.4953126311302185,0.6765344142913818,0.5082023739814758
SCH_005_CLS_0188_P000568,0.5843423008918762,0.7144736647605896,0.5413118600845337
SCH_005_CLS_0188_P001021,0.4612109363079071,0.6085010170936584,0.4286160171031952
SCH_005_CLS_0188_P002590,0.34793582558631897,0.4818439483642578,0.29453954100608826
SCH_005_CLS_0188_P003524,0.49335977435112,0.6196094155311584,0.4286160171031952
SCH_005_CLS_0188_P005515,0.6143477559089661,0.7528493404388428,0.6200696229934692
SCH_005_CLS_0188_P005800,0.5970910787582397,0.7167344093322754,0.5644826292991638
SCH_005_CLS_0199_P002041,0.5177659392356873,0.6578902006149292,0.49355506896972656
SCH_005_CLS_0199_P003262,0.5197163224220276,0.671168863773346,0.5160101056098938
SCH_005_CLS_0199_P004457,0.6320032477378845,0.7508451342582703,0.6005632281303406
SCH_005_CLS_0199_P005316,0.726580798625946,0.7974936962127686,0.6581099629402161
SCH_005_CLS_0199_P005507,0.6550161242485046,0.7497473955154419,0.5854804515838623
SCH_005_CLS_0211_P000046,0.730059027671814,0.8018737435340881,0.6543648838996887
SCH_005_CLS_0211_P001125,0.795785129070282,0.8367680311203003,0.726542055606842
SCH_005_CLS_0211_P003519,0.4689851403236389,0.638745129108429,0.4401323199272156
SCH_005_CLS_0211_P003788,0.38048267364501953,0.5082023739814758,0.3331993818283081
SCH_005_CLS_0211_P004140,0.4418656826019287,0.6191489100456238,0.42670372128486633
SCH_005_CLS_0212_P000798,0.5753017067909241,0.7020910978317261,0.5606375932693481
SCH_005_CLS_0212_P004166,0.4303388297557831,0.5845320820808411,0.3871340751647949
SCH_005_CLS_0212_P004603,0.5970910787582397,0.7129147052764893,0.532571017742157
SCH_005_CLS_0212_P005226,0.39532092213630676,0.520886242389679,0.3401782214641571
SCH_005_CLS_0213_P001443,0.4923833906650543,0.6477090716362,0.4759950339794159
SCH_005_CLS_0213_P002688,0.5128877758979797,0.6463708877563477,0.4769694209098816
SCH_005_CLS_0213_P003680,0.47872379422187805,0.6000946164131165,0.4228858947753906
SCH_005_CLS_0213_P005128,0.7296738624572754,0.800317645072937,0.6756789684295654
SCH_005_CLS_0213_P005187,0.5838678479194641,0.6971142292022705,0.5277059674263
SCH_005_CLS_0213_P005667,0.6675176024436951,0.7602236866950989,0.5939861536026001
SCH_005_CLS_0213_P005898,0.5420876741409302,0.7028564810752869,0.532571017742157
SCH_005_CLS_0219_P002691,0.4894547164440155,0.6355844140052795,0.4672345221042633
SCH_005_CLS_0222_P000274,0.7234658002853394,0.7865572571754456,0.6342262029647827
SCH_005_CLS_0222_P004113,0.7514293789863586,0.8119147419929504,0.6646708846092224
SCH_005_CLS_0222_P004459,0.7342720031738281,0.7952767610549927,0.6592077016830444
SCH_005_CLS_0222_P004834,0.7315958142280579,0.7862291932106018,0.6260327100753784
SCH_005_CLS_0224_P003325,0.8020598888397217,0.8456367254257202,0.7414119839668274
SCH_005_CLS_0224_P004948,0.7433171272277832,0.8178074359893799,0.6829121708869934
SCH_005_CLS_0231_P000556,0.6768975853919983,0.8058767318725586,0.691205620765686
SCH_005_CLS_0231_P000971,0.7350335121154785,0.7965458035469055,0.6607417464256287
SCH_005_CLS_0231_P002189,0.7373095154762268,0.8148791790008545,0.6786677837371826
SCH_005_CLS_0231_P002240,0.515815019607544,0.6445831656455994,0.4691797196865082
SCH_005_CLS_0231_P003664,0.5128877758979797,0.6603038311004639,0.47989362478256226
SCH_005_CLS_0231_P004520,0.36405375599861145,0.5130829811096191,0.3194609582424164
SCH_005_CLS_0231_P007000,0.6466387510299683,0.7543001174926758,0.6182274222373962
SCH_005_CLS_0235_P000930,0.5041014552116394,0.6405459046363831,0.4672345221042633
SCH_005_CLS_0235_P001533,0.4544237554073334,0.589267373085022,0.4039429724216461
SCH_005_CLS_0235_P005379,0.6387901902198792,0.7495641708374023,0.6029035449028015
SCH_005_CLS_0235_P006596,0.6812604665756226,0.771430492401123,0.5958688855171204
SCH_005_CLS_0238_P000241,0.5900235176086426,0.7318450808525085,0.5538914203643799
SCH_005_CLS_0238_P000538,0.7747197151184082,0.8461459279060364,0.7235243320465088
SCH_005_CLS_0238_P002007,0.6288177967071533,0.7495641708374023,0.5854804515838623
SCH_005_CLS_0238_P004597,0.7719810605049133,0.8189685344696045,0.6822774410247803
SCH_005_CLS_0238_P005437,0.33215874433517456,0.45752447843551636,0.28172165155410767
SCH_005_CLS_0238_P006789,0.4515199661254883,0.5835831165313721,0.40959855914115906
SCH_005_CLS_0238_P007083,0.46024036407470703,0.5883215665817261,0.3945741355419159
SCH_006_CLS_0002_P004131,0.25474992394447327,0.3705897927284241,0.2243272066116333
SCH_006_CLS_0002_P005232,0.49824219942092896,0.6780285835266113,0.5111309885978699
SCH_006_CLS_0002_P007017,0.32870179414749146,0.4994140565395355,0.28330525755882263
SCH_006_CLS_0002_P007196,0.33563390374183655,0.4916023313999176,0.284894198179245
SCH_006_CLS_0006_P003255,0.47580015659332275,0.6292279362678528,0.44205835461616516
SCH_006_CLS_0006_P006878,0.5167905688285828,0.6490448713302612,0.4837947487831116
SCH_006_CLS_0010_P007094,0.38602253794670105,0.523810088634491,0.3228674829006195
SCH_006_CLS_0018_P004946,0.42364874482154846,0.5769233703613281,0.38528215885162354
SCH_006_CLS_0020_P002038,0.15365074574947357,0.22705774009227753,0.15734389424324036
SCH_006_CLS_0020_P005710,0.31844276189804077,0.4517134428024292,0.27078863978385925
SCH_006_CLS_0020_P007065,0.2729537785053253,0.3834335207939148,0.23258893191814423
SCH_006_CLS_0026_P003890,0.5050779581069946,0.6705219745635986,0.5306256413459778
SCH_006_CLS_0026_P007761,0.7357935309410095,0.8046516180038452,0.6089661717414856
SCH_006_CLS_0027_P002513,0.8111978769302368,0.8521497249603271,0.7438384294509888
SCH_006_CLS_0027_P006910,0.31844276189804077,0.4497792422771454,0.27700334787368774
SCH_006_CLS_0027_P006982,0.21548278629779816,0.3143872320652008,0.19339099526405334
SCH_006_CLS_0031_P002615,0.27919915318489075,0.3983128070831299,0.2410603165626526
SCH_006_CLS_0044_P003731,0.2919488847255707,0.43628576397895813,0.24973991513252258
SCH_006_CLS_0071_P001001,0.37864288687705994,0.5596751570701599,0.34722715616226196
SCH_006_CLS_0071_P002090,0.41983821988105774,0.5635221004486084,0.3760730028152466
SCH_006_CLS_0071_P002906,0.4524874985218048,0.5958688855171204,0.40959855914115906
SCH_006_CLS_0071_P006265,0.3532719910144806,0.49453142285346985,0.3043724000453949
SCH_006_CLS_0098_P002001,0.4806737005710602,0.638745129108429,0.4478466212749481
SCH_006_CLS_0098_P004433,0.2115471065044403,0.3093574345111847,0.19096529483795166
SCH_006_CLS_0099_P005123,0.38602253794670105,0.5364586114883423,0.3454584777355194
SCH_006_CLS_0103_P000475,0.18665781617164612,0.275441437959671,0.17918558418750763
SCH_006_CLS_0103_P000608,0.44765347242355347,0.6005632281303406,0.41527819633483887
SCH_006_CLS_0103_P003144,0.40846550464630127,0.5664022564888,0.3834335207939148
SCH_006_CLS_0103_P003256,0.49628910422325134,0.66270911693573,0.4401323199272156
SCH_006_CLS_0120_P006121,0.3823258876800537,0.5673614144325256,0.31270572543144226
SCH_006_CLS_0133_P003029,0.36405375599861145,0.49453142285346985,0.31776490807533264
SCH_006_CLS_0139_P002323,0.5401477217674255,0.6703062057495117,0.46334707736968994
SCH_006_CLS_0139_P002867,0.4544237554073334,0.6071042418479919,0.4114891588687897
SCH_006_CLS_0146_P000128,0.3878757655620575,0.5335432887077332,0.3436940908432007
SCH_006_CLS_0146_P000730,0.4141404330730438,0.5548564195632935,0.3543437123298645
SCH_006_CLS_0146_P002989,0.36044400930404663,0.5218610763549805,0.31776490807533264
SCH_006_CLS_0146_P004209,0.36224696040153503,0.5384007692337036,0.28969311714172363
SCH_006_CLS_0146_P004807,0.2776296138763428,0.38528215885162354,0.23821333050727844
SCH_006_CLS_0146_P005247,0.393454909324646,0.5199113488197327,0.3454584777355194
SCH_006_CLS_0234_P006183,0.257727712392807,0.3669526278972626,0.22705774009227753
SCH_006_CLS_0234_P007597,0.3823258876800537,0.5422815680503845,0.2913033366203308
SCH_007_CLS_0003_P000137,0.4650959372520447,0.6251177787780762,0.4594641625881195
SCH_007_CLS_0003_P000329,0.4875026345252991,0.67009037733078,0.4876978099346161
SCH_007_CLS_0019_P000054,0.290336549282074,0.4305303692817688,0.24682371318340302
SCH_007_CLS_0019_P004201,0.3000887930393219,0.4286160171031952,0.2601262331008911
SCH_007_CLS_0019_P005216,0.24163253605365753,0.35077714920043945,0.2136395424604416
SCH_007_CLS_0019_P005224,0.3083568215370178,0.4305303692817688,0.26771435141563416
SCH_007_CLS_0023_P001433,0.26679643988609314,0.4171764850616455,0.23258893191814423
SCH_007_CLS_0023_P006770,0.6027165055274963,0.7080056667327881,0.5189362168312073
SCH_007_CLS_0034_P000375,0.3749738037586212,0.545188844203949,0.3436940908432007
SCH_007_CLS_0034_P001918,0.32870179414749146,0.4955078959465027,0.28969311714172363
SCH_007_CLS_0034_P003224,0.2562359869480133,0.38528215885162354,0.21893645823001862
SCH_007_CLS_0036_P004482,0.3694970905780792,0.5432509779930115,0.3401782214641571
SCH_007_CLS_0036_P006787,0.3426375091075897,0.5345153212547302,0.32629290223121643
SCH_007_CLS_0036_P006962,0.3878757655620575,0.5788291096687317,0.3669526278972626
SCH_007_CLS_0039_P001942,0.24163253605365753,0.3615253269672394,0.2110263556241989
SCH_007_CLS_0039_P002940,0.3373781442642212,0.4964844286441803,0.2994328439235687
SCH_007_CLS_0039_P004904,0.42938148975372314,0.6168435215950012,0.4077106714248657
SCH_007_CLS_0039_P005061,0.31002551317214966,0.47307294607162476,0.26163265109062195
SCH_007_CLS_0039_P005929,0.27450692653656006,0.445915549993515,0.24682371318340302
SCH_007_CLS_0040_P001287,0.36044400930404663,0.5228356719017029,0.31776490807533264
SCH_007_CLS_0040_P006162,0.3083568215370178,0.4916023313999176,0.25862544775009155
SCH_007_CLS_0058_P003931,0.3235510587692261,0.4769694209098816,0.28014346957206726
SCH_007_CLS_0058_P006386,0.31506121158599854,0.5033202171325684,0.28330525755882263
SCH_007_CLS_0077_P004600,0.34088000655174255,0.48672184348106384,0.3043724000453949
SCH_007_CLS_0077_P005897,0.38602253794670105,0.5228356719017029,0.3194609582424164
SCH_007_CLS_0077_P007132,0.32184353470802307,0.47989362478256226,0.2723340690135956
SCH_007_CLS_0082_P000103,0.37864288687705994,0.5596751570701599,0.3525583744049072
SCH_007_CLS_0082_P005336,0.5138636231422424,0.6427913308143616,0.4324468672275543
SCH_007_CLS_0082_P007169,0.2951892912387848,0.4691797196865082,0.25120657682418823
SCH_007_CLS_0101_P004312,0.28553131222724915,0.4171764850616455,0.2410603165626526
SCH_007_CLS_0106_P002251,0.18904155492782593,0.2994328439235687,0.18149520456790924
SCH_007_CLS_0113_P003882,0.3373781442642212,0.5072260499000549,0.275441437959671
SCH_007_CLS_0113_P006420,0.2488626390695572,0.3945741355419159,0.21627625823020935
SCH_007_CLS_0113_P006884,0.6807300448417664,0.7697039842605591,0.632865846157074
SCH_007_CLS_0128_P000235,0.42364874482154846,0.6010317206382751,0.4190772473812103
SCH_007_CLS_0128_P004867,0.3497103750705719,0.5062496662139893,0.3043724000453949
SCH_007_CLS_0128_P005634,0.20638173818588257,0.31607362627983093,0.19096529483795166
SCH_007_CLS_0128_P007108,0.2532695531845093,0.3615253269672394,0.2216200977563858
SCH_007_CLS_0128_P007256,0.39532092213630676,0.5721491575241089,0.3280125856399536
SCH_007_CLS_0131_P000280,0.5255635976791382,0.6499341726303101,0.4672345221042633
SCH_007_CLS_0131_P002252,0.38602253794670105,0.5384007692337036,0.3543437123298645
SCH_007_CLS_0131_P003104,0.33912691473960876,0.5013672113418579,0.27388501167297363
SCH_007_CLS_0131_P004144,0.31002551317214966,0.48281925916671753,0.27388501167297363
SCH_007_CLS_0131_P006020,0.4322551190853119,0.5939861536026001,0.390847772359848
SCH_007_CLS_0131_P006395,0.282354474067688,0.4517134428024292,0.24393050372600555
SCH_007_CLS_0147_P005065,0.25032588839530945,0.37241390347480774,0.2216200977563858
SCH_007_CLS_0147_P006732,0.393454909324646,0.5345153212547302,0.3436940908432007
SCH_007_CLS_0151_P002034,0.4341733753681183,0.6173049807548523,0.4324468672275543
SCH_007_CLS_0151_P004757,0.36405375599861145,0.5471253395080566,0.35077714920043945
SCH_007_CLS_0158_P001550,0.3461654484272003,0.5374298095703125,0.32116183638572693
SCH_007_CLS_0158_P005502,0.3201407492160797,0.47989362478256226,0.2723340690135956
SCH_007_CLS_0181_P004461,0.4141404330730438,0.5740604996681213,0.377907931804657
SCH_007_CLS_0186_P001841,0.2248714417219162,0.33146587014198303,0.20332762598991394
SCH_007_CLS_0186_P003961,0.3586450219154358,0.5500273704528809,0.31607362627983093
SCH_007_CLS_0186_P007643,0.4680125415325165,0.6292279362678528,0.45364904403686523
SCH_007_CLS_0189_P001323,0.31844276189804077,0.4672345221042633,0.28172165155410767
SCH_007_CLS_0189_P007604,0.31002551317214966,0.45752447843551636,0.26618555188179016
SCH_007_CLS_0194_P000180,0.2951892912387848,0.43820810317993164,0.24973991513252258
SCH_007_CLS_0194_P004491,0.23454688489437103,0.33146587014198303,0.2058703601360321
SCH_007_CLS_0194_P005102,0.5021483898162842,0.6677112579345703,0.49355506896972656
SCH_007_CLS_0194_P006377,0.2532695531845093,0.3615253269672394,0.2216200977563858
SCH_007_CLS_0195_P006137,0.43609362840652466,0.581683337688446,0.4001866281032562
SCH_007_CLS_0195_P006191,0.32698020339012146,0.48672184348106384,0.28172165155410767
SCH_007_CLS_0195_P006263,0.3000887930393219,0.4247937500476837,0.25713035464286804
SCH_007_CLS_0195_P006660,0.24163253605365753,0.34722715616226196,0.2110263556241989
SCH_007_CLS_0195_P007043,0.26527097821235657,0.3834335207939148,0.2298116534948349
SCH_007_CLS_0197_P000272,0.31002551317214966,0.4789187014102936,0.2556408941745758
SCH_007_CLS_0197_P001348,0.36767885088920593,0.5711926221847534,0.3349374234676361
SCH_007_CLS_0197_P001441,0.3586450219154358,0.545188844203949,0.3490000367164612
SCH_007_CLS_0197_P005819,0.3550589978694916,0.5432509779930115,0.31270572543144226
SCH_007_CLS_0197_P006587,0.3768065571784973,0.5519601702690125,0.33667993545532227
SCH_007_CLS_0197_P007176,0.37314456701278687,0.5567851662635803,0.3349374234676361
SCH_007_CLS_0225_P000597,0.3878757655620575,0.5711926221847534,0.3093574345111847
SCH_007_CLS_0225_P001332,0.39906200766563416,0.5702356100082397,0.3419339954853058
SCH_007_CLS_0225_P002200,0.42938148975372314,0.6005632281303406,0.3561330735683441
SCH_007_CLS_0225_P002835,0.34088000655174255,0.526732325553894,0.32116183638572693
SCH_007_CLS_0225_P004919,0.2807740867137909,0.3945741355419159,0.23821333050727844
SCH_007_CLS_0227_P000564,0.3749738037586212,0.5218610763549805,0.3384268581867218
SCH_007_CLS_0227_P001883,0.3514891266822815,0.5140588283538818,0.32457780838012695
SCH_007_CLS_0244_P001179,0.5128877758979797,0.67009037733078,0.5023437142372131
SCH_007_CLS_0244_P007324,0.34793582558631897,0.5013672113418579,0.2929188013076782
SCH_008_CLS_0004_P002900,0.24306704103946686,0.41527819633483887,0.2216200977563858
SCH_008_CLS_0004_P003102,0.36224696040153503,0.5315984487533569,0.2977965772151947
SCH_008_CLS_0004_P007359,0.24163253605365753,0.3687693178653717,0.20843660831451416
SCH_008_CLS_0005_P007603,0.33042797446250916,0.4876978099346161,0.2880881428718567
SCH_008_CLS_0008_P003765,0.27450692653656006,0.4305303692817688,0.23538948595523834
SCH_008_CLS_0008_P006942,0.33042797446250916,0.48672184348106384,0.28014346957206726
SCH_008_CLS_0021_P004860,0.269864022731781,0.4039429724216461,0.22705774009227753
SCH_008_CLS_0021_P006797,0.3713189661502838,0.5480930805206299,0.3401782214641571
SCH_008_CLS_0021_P006929,0.33215874433517456,0.48086869716644287,0.28969311714172363
SCH_008_CLS_0030_P004843,0.31674957275390625,0.47502079606056213,0.26618555188179016
SCH_008_CLS_0042_P000678,0.20383429527282715,0.3228674829006195,0.19096529483795166
SCH_008_CLS_0042_P000764,0.2683274447917938,0.3964419960975647,0.2298116534948349
SCH_008_CLS_0042_P007194,0.32184353470802307,0.46334707736968994,0.27388501167297363
SCH_008_CLS_0059_P005274,0.15365074574947357,0.23258893191814423,0.15942667424678802
SCH_008_CLS_0088_P001846,0.3201407492160797,0.44205835461616516,0.27700334787368774
SCH_008_CLS_0088_P003191,0.30173224210739136,0.45558613538742065,0.25120657682418823
SCH_008_CLS_0088_P003652,0.2919488847255707,0.445915549993515,0.24393050372600555
SCH_008_CLS_0090_P000300,0.3497103750705719,0.5257583856582642,0.31607362627983093
SCH_008_CLS_0095_P007429,0.32184353470802307,0.4759950339794159,0.26924875378608704
SCH_008_CLS_0097_P001735,0.18665781617164612,0.28648853302001953,0.18149520456790924
SCH_008_CLS_0109_P001493,0.19144859910011292,0.284894198179245,0.1768990010023117
SCH_008_CLS_0161_P003629,0.32698020339012146,0.4916023313999176,0.27700334787368774
SCH_008_CLS_0161_P006219,0.3033808171749115,0.4691797196865082,0.25862544775009155
SCH_008_CLS_0167_P000326,0.25032588839530945,0.4020633399486542,0.2243272066116333
SCH_008_CLS_0167_P001604,0.15162982046604156,0.2243272066116333,0.15734389424324036
SCH_008_CLS_0167_P005097,0.28553131222724915,0.4228858947753906,0.2410603165626526
SCH_008_CLS_0171_P000033,0.2887295186519623,0.4876978099346161,0.2526789903640747
SCH_008_CLS_0171_P000383,0.18665781617164612,0.31776490807533264,0.18149520456790924
SCH_008_CLS_0171_P004731,0.3033808171749115,0.4478466212749481,0.2526789903640747
SCH_008_CLS_0176_P000187,0.25474992394447327,0.390847772359848,0.2216200977563858
SCH_008_CLS_0176_P001085,0.2714061737060547,0.43820810317993164,0.2298116534948349
SCH_008_CLS_0176_P001487,0.19880977272987366,0.3060290515422821,0.18856292963027954
SCH_008_CLS_0180_P001682,0.24306704103946686,0.3687693178653717,0.2110263556241989
SCH_008_CLS_0180_P002132,0.32870179414749146,0.5042967796325684,0.28330525755882263
SCH_008_CLS_0180_P002269,0.31844276189804077,0.4779440462589264,0.26163265109062195
SCH_008_CLS_0180_P002337,0.24595332145690918,0.4171764850616455,0.22705774009227753
SCH_008_CLS_0182_P005213,0.3841725289821625,0.5567851662635803,0.32973697781562805
SCH_008_CLS_0204_P001929,0.2729537785053253,0.4324468672275543,0.23258893191814423
SCH_008_CLS_0206_P000061,0.23175331950187683,0.35792651772499084,0.2058703601360321
SCH_008_CLS_0206_P002331,0.2871277332305908,0.4497792422771454,0.2410603165626526
SCH_008_CLS_0206_P003141,0.2871277332305908,0.4324468672275543,0.24682371318340302
SCH_008_CLS_0206_P006274,0.20383429527282715,0.3331993818283081,0.1958400309085846
SCH_008_CLS_0206_P006707,0.25179484486579895,0.43820810317993164,0.2298116534948349
SCH_008_CLS_0217_P000545,0.4709312617778778,0.6337729692459106,0.3945741355419159
SCH_008_CLS_0217_P005191,0.3000887930393219,0.48086869716644287,0.2601262331008911
SCH_008_CLS_0226_P001124,0.31506121158599854,0.4837947487831116,0.2601262331008911
SCH_008_CLS_0245_P005007,0.2729537785053253,0.41527819633483887,0.23258893191814423
SCH_008_CLS_0245_P005577,0.2637510895729065,0.37974637746810913,0.22705774009227753
SCH_008_CLS_0246_P004149,0.21548278629779816,0.35077714920043945,0.2008083015680313
SCH_008_CLS_0246_P005581,0.290336549282074,0.4497792422771454,0.25120657682418823
SCH_008_CLS_0247_P001614,0.3252633213996887,0.4896499216556549,0.27388501167297363
SCH_009_CLS_0009_P000466,0.6705381274223328,0.7679684162139893,0.6319578289985657
SCH_009_CLS_0009_P006149,0.6205756068229675,0.7256680727005005,0.5864281058311462
SCH_009_CLS_0029_P000915,0.47190457582473755,0.6287721991539001,0.45752447843551636
SCH_009_CLS_0029_P001718,0.5080071091651917,0.6572304964065552,0.4769694209098816
SCH_009_CLS_0029_P004894,0.49726566672325134,0.6391957402229309,0.4652903079986572
SCH_009_CLS_0032_P000781,0.40469563007354736,0.5750153660774231,0.3815882205963135
SCH_009_CLS_0032_P006175,0.4524874985218048,0.6005632281303406,0.4228858947753906
SCH_009_CLS_0055_P007775,0.5876591801643372,0.7219098806381226,0.532571017742157
SCH_009_CLS_0075_P000605,0.47580015659332275,0.6346791982650757,0.4517134428024292
SCH_009_CLS_0075_P002686,0.4179365336894989,0.5519601702690125,0.3669526278972626
SCH_009_CLS_0075_P003134,0.40846550464630127,0.5432509779930115,0.36333057284355164
SCH_009_CLS_0075_P003693,0.4122461974620819,0.5596751570701599,0.377907931804657
SCH_009_CLS_0075_P004066,0.38048267364501953,0.5101548433303833,0.3349374234676361
SCH_009_CLS_0075_P004971,0.3971899449825287,0.5218610763549805,0.34722715616226196
SCH_009_CLS_0076_P004440,0.7171703577041626,0.8101186156272888,0.6750366687774658
SCH_009_CLS_0076_P007479,0.4689851403236389,0.6186882853507996,0.4305303692817688
SCH_009_CLS_0080_P001988,0.4322551190853119,0.5740604996681213,0.3760730028152466
SCH_009_CLS_0080_P002766,0.5508006811141968,0.6646708846092224,0.4837947487831116
SCH_009_CLS_0085_P000622,0.457330584526062,0.6061721444129944,0.4305303692817688
SCH_009_CLS_0085_P001813,0.5177659392356873,0.6609606146812439,0.47112593054771423
SCH_009_CLS_0085_P002393,0.4028148949146271,0.5471253395080566,0.3615253269672394
SCH_009_CLS_0085_P003586,0.36224696040153503,0.5150344967842102,0.3143872320652008
SCH_009_CLS_0085_P005575,0.44765347242355347,0.5731050968170166,0.38898932933807373
SCH_009_CLS_0087_P001640,0.43609362840652466,0.6010317206382751,0.41527819633483887
SCH_009_CLS_0096_P003114,0.661496639251709,0.7782450914382935,0.6521528363227844
SCH_009_CLS_0096_P004710,0.40846550464630127,0.5529259443283081,0.3669526278972626
SCH_009_CLS_0096_P005134,0.5284847617149353,0.653922975063324,0.4691797196865082
SCH_009_CLS_0096_P005410,0.4884786009788513,0.6196094155311584,0.4497792422771454
SCH_009_CLS_0108_P006205,0.5928551554679871,0.7129521369934082,0.565442681312561
SCH_009_CLS_0108_P006338,0.4457224905490875,0.5854804515838623,0.40959855914115906
SCH_009_CLS_0111_P000435,0.6750527620315552,0.7835912704467773,0.6126804947853088
SCH_009_CLS_0111_P005653,0.31844276189804077,0.45752447843551636,0.26618555188179016
SCH_009_CLS_0121_P002767,0.5829184651374817,0.7020910978317261,0.5364586114883423
SCH_009_CLS_0121_P003727,0.43801581859588623,0.5902124643325806,0.41527819633483887
SCH_009_CLS_0121_P003837,0.32184353470802307,0.4401323199272156,0.275441437959671
SCH_009_CLS_0121_P005496,0.36044400930404663,0.4916023313999176,0.3060290515422821
SCH_009_CLS_0122_P000271,0.38602253794670105,0.545188844203949,0.3384268581867218
SCH_009_CLS_0122_P005632,0.33563390374183655,0.4818439483642578,0.28648853302001953
SCH_009_CLS_0138_P001079,0.4428292214870453,0.5930437445640564,0.4058254361152649
SCH_009_CLS_0138_P004530,0.3915920555591583,0.5393714308738708,0.3525583744049072
SCH_009_CLS_0138_P006527,0.38973233103752136,0.5480930805206299,0.3561330735683441
SCH_009_CLS_0144_P000840,0.6637070775032043,0.7676202058792114,0.6255753636360168
SCH_009_CLS_0145_P003234,0.3252633213996887,0.4478466212749481,0.28330525755882263
SCH_009_CLS_0145_P006986,0.5757788419723511,0.7011199593544006,0.5062496662139893
SCH_009_CLS_0162_P000185,0.7632721066474915,0.8340827822685242,0.6905799508094788
SCH_009_CLS_0162_P002846,0.36405375599861145,0.5101548433303833,0.3027207851409912
SCH_009_CLS_0162_P004480,0.5623688101768494,0.6820657253265381,0.5121070146560669
SCH_009_CLS_0162_P005198,0.6827430129051208,0.7812638282775879,0.6661928296089172
SCH_009_CLS_0164_P002565,0.36586442589759827,0.4964844286441803,0.3228674829006195
SCH_009_CLS_0164_P004049,0.6092451810836792,0.716312825679779,0.5480930805206299
SCH_009_CLS_0166_P004975,0.4160372018814087,0.5797811150550842,0.3834335207939148
SCH_009_CLS_0168_P002979,0.36405375599861145,0.4964844286441803,0.31776490807533264
SCH_009_CLS_0168_P004061,0.282354474067688,0.3927094340324402,0.2410603165626526
SCH_009_CLS_0168_P005040,0.34088000655174255,0.4925786256790161,0.28648853302001953
SCH_009_CLS_0168_P005757,0.7733533382415771,0.8324547410011292,0.6894310712814331
SCH_009_CLS_0168_P006782,0.4865267276763916,0.6436877250671387,0.42670372128486633
SCH_009_CLS_0183_P000395,0.5498339533805847,0.6843906044960022,0.47989362478256226
SCH_009_CLS_0183_P007072,0.5236152410507202,0.6508224606513977,0.46334707736968994
SCH_009_CLS_0185_P006006,0.4855508804321289,0.6108249425888062,0.42670372128486633
SCH_009_CLS_0200_P005363,0.4777490794658661,0.6305938959121704,0.4324468672275543
SCH_009_CLS_0200_P005874,0.25032588839530945,0.3525583744049072,0.21893645823001862
SCH_009_CLS_0200_P007730,0.4865267276763916,0.6337729692459106,0.4691797196865082
SCH_009_CLS_0216_P003063,0.8014390468597412,0.8486714363098145,0.7415992021560669
SCH_009_CLS_0230_P005233,0.5119118094444275,0.6859704852104187,0.4974609315395355
SCH_009_CLS_0230_P005618,0.38602253794670105,0.532571017742157,0.3436940908432007
SCH_009_CLS_0243_P005523,0.5956807136535645,0.714174747467041,0.5393714308738708
SCH_009_CLS_0251_P002580,0.4332139790058136,0.5864281058311462,0.3945741355419159
SCH_009_CLS_0251_P005909,0.6709021329879761,0.7582601308822632,0.6108249425888062
SCH_010_CLS_0011_P007666,0.33563390374183655,0.46140506863594055,0.284894198179245
SCH_010_CLS_0013_P001033,0.47677454352378845,0.6117531657218933,0.4247937500476837
SCH_010_CLS_0013_P001322,0.4709312617778778,0.6149953603744507,0.43436530232429504
SCH_010_CLS_0022_P000064,0.36224696040153503,0.523810088634491,0.3060290515422821
SCH_010_CLS_0022_P000422,0.6574944257736206,0.7464348673820496,0.5930437445640564
SCH_010_CLS_0022_P000805,0.3713189661502838,0.5130829811096191,0.3194609582424164
SCH_010_CLS_0022_P001623,0.3514891266822815,0.5062496662139893,0.3093574345111847
SCH_010_CLS_0022_P002984,0.3235510587692261,0.520886242389679,0.28172165155410767
SCH_010_CLS_0022_P003572,0.7209187150001526,0.8006296157836914,0.6223675012588501
SCH_010_CLS_0022_P004725,0.46315285563468933,0.6033710241317749,0.4228858947753906
SCH_010_CLS_0022_P004797,0.4160372018814087,0.5644826292991638,0.36333057284355164
SCH_010_CLS_0022_P005893,0.4894547164440155,0.653922975063324,0.48086869716644287
SCH_010_CLS_0022_P007166,0.5236152410507202,0.6883845925331116,0.4652903079986572
SCH_010_CLS_0033_P002859,0.4621817469596863,0.5921006798744202,0.4058254361152649
SCH_010_CLS_0033_P003099,0.6586480736732483,0.7513928413391113,0.6029035449028015
SCH_010_CLS_0033_P006290,0.2807740867137909,0.390847772359848,0.23538948595523834
SCH_010_CLS_0038_P000081,0.4284246563911438,0.5826334953308105,0.390847772359848
SCH_010_CLS_0038_P001563,0.3033808171749115,0.4286160171031952,0.25862544775009155
SCH_010_CLS_0038_P001852,0.515815019607544,0.638745129108429,0.4478466212749481
SCH_010_CLS_0038_P004564,0.42364874482154846,0.5683199763298035,0.37974637746810913
SCH_010_CLS_0038_P005751,0.4028148949146271,0.5673614144325256,0.3561330735683441
SCH_010_CLS_0038_P005839,0.6108713746070862,0.71546870470047,0.5169856548309326
SCH_010_CLS_0045_P001850,0.31506121158599854,0.47502079606056213,0.26771435141563416
SCH_010_CLS_0045_P001895,0.7331271767616272,0.8040369153022766,0.6644532680511475
SCH_010_CLS_0045_P002714,0.3461654484272003,0.4847702980041504,0.3027207851409912
SCH_010_CLS_0045_P004770,0.23595239222049713,0.3490000367164612,0.20332762598991394
SCH_010_CLS_0045_P006063,0.5594825744628906,0.676106870174408,0.4886738061904907
SCH_010_CLS_0046_P002459,0.4680125415325165,0.6228264570236206,0.4324468672275543
SCH_010_CLS_0046_P006526,0.40469563007354736,0.5548564195632935,0.3615253269672394
SCH_010_CLS_0047_P000211,0.7492340803146362,0.8107187747955322,0.6709533333778381
SCH_010_CLS_0047_P000286,0.4699581265449524,0.6182274222373962,0.42670372128486633
SCH_010_CLS_0047_P004693,0.3514891266822815,0.520886242389679,0.29616546630859375
SCH_010_CLS_0065_P001121,0.6283618211746216,0.7397233843803406,0.5702356100082397
SCH_010_CLS_0065_P003685,0.5829184651374817,0.7086488008499146,0.5121070146560669
SCH_010_CLS_0079_P004864,0.38602253794670105,0.5519601702690125,0.3419339954853058
SCH_010_CLS_0079_P004884,0.457330584526062,0.5911568403244019,0.4077106714248657
SCH_010_CLS_0079_P004972,0.3443993628025055,0.523810088634491,0.3143872320652008
SCH_010_CLS_0079_P006598,0.4332139790058136,0.5921006798744202,0.4020633399486542
SCH_010_CLS_0089_P006794,0.767829179763794,0.8291602730751038,0.714996337890625
SCH_010_CLS_0104_P000754,0.8334330916404724,0.8759568929672241,0.7683162093162537
SCH_010_CLS_0104_P005200,0.4009369909763336,0.545188844203949,0.3525583744049072
SCH_010_CLS_0115_P000017,0.3713189661502838,0.5082023739814758,0.32973697781562805
SCH_010_CLS_0115_P001162,0.4534554183483124,0.599625825881958,0.4058254361152649
SCH_010_CLS_0115_P001432,0.3000887930393219,0.44205835461616516,0.24393050372600555
SCH_010_CLS_0115_P002216,0.43609362840652466,0.6126804947853088,0.3871340751647949
SCH_010_CLS_0115_P003214,0.6017807722091675,0.7491973042488098,0.5902124643325806
SCH_010_CLS_0115_P004202,0.45539236068725586,0.6126804947853088,0.4228858947753906
SCH_010_CLS_0115_P005506,0.38602253794670105,0.5558210015296936,0.35792651772499084
SCH_010_CLS_0115_P006743,0.4122461974620819,0.5750153660774231,0.3615253269672394
SCH_010_CLS_0125_P000198,0.45539236068725586,0.6149953603744507,0.3927094340324402
SCH_010_CLS_0125_P002242,0.30503445863723755,0.4497792422771454,0.2556408941745758
SCH_010_CLS_0125_P006696,0.4865267276763916,0.6355844140052795,0.4247937500476837
SCH_010_CLS_0135_P003847,0.4303388297557831,0.5930437445640564,0.38528215885162354
SCH_010_CLS_0135_P004194,0.5041014552116394,0.6707376837730408,0.47502079606056213
SCH_010_CLS_0135_P006426,0.3133777678012848,0.45558613538742065,0.26163265109062195
SCH_010_CLS_0141_P001059,0.3841725289821625,0.5130829811096191,0.32457780838012695
SCH_010_CLS_0141_P004082,0.6349508166313171,0.7535755038261414,0.616381824016571
SCH_010_CLS_0141_P007560,0.753248929977417,0.8291602730751038,0.6969079971313477
SCH_010_CLS_0143_P005785,0.3235510587692261,0.4594641625881195,0.26924875378608704
SCH_010_CLS_0150_P005953,0.2807740867137909,0.43436530232429504,0.23821333050727844
SCH_010_CLS_0155_P003189,0.4515199661254883,0.5949278473854065,0.3983128070831299
SCH_010_CLS_0155_P007126,0.34088000655174255,0.4925786256790161,0.28648853302001953
SCH_010_CLS_0159_P001884,0.48359963297843933,0.6427913308143616,0.4497792422771454
SCH_010_CLS_0160_P002483,0.32870179414749146,0.4769694209098816,0.2723340690135956
SCH_010_CLS_0160_P002938,0.43897759914398193,0.5921006798744202,0.4020633399486542
SCH_010_CLS_0165_P000154,0.6400285959243774,0.7580810189247131,0.5673614144325256
SCH_010_CLS_0165_P000400,0.2683274447917938,0.377907931804657,0.22705774009227753
SCH_010_CLS_0165_P003018,0.47969868779182434,0.6209893822669983,0.4497792422771454
SCH_010_CLS_0165_P004282,0.3461654484272003,0.4974609315395355,0.3060290515422821
SCH_010_CLS_0165_P005165,0.27919915318489075,0.4077106714248657,0.23821333050727844
SCH_010_CLS_0165_P006495,0.37314456701278687,0.5121070146560669,0.31607362627983093
SCH_010_CLS_0169_P004681,0.3841725289821625,0.5567851662635803,0.31607362627983093
SCH_010_CLS_0172_P001399,0.6421632170677185,0.7328022122383118,0.5731050968170166
SCH_010_CLS_0172_P001987,0.3586450219154358,0.5364586114883423,0.3349374234676361
SCH_010_CLS_0172_P003427,0.2871277332305908,0.43628576397895813,0.23821333050727844
SCH_010_CLS_0172_P003574,0.34088000655174255,0.5160101056098938,0.3027207851409912
SCH_010_CLS_0178_P000643,0.5980305075645447,0.714174747467041,0.5422815680503845
SCH_010_CLS_0178_P002272,0.618964672088623,0.7223017811775208,0.5189362168312073
SCH_010_CLS_0178_P006128,0.47287821769714355,0.6149953603744507,0.44205835461616516
SCH_010_CLS_0178_P006234,0.3841725289821625,0.5374298095703125,0.3436940908432007
SCH_010_CLS_0178_P006759,0.2984504699707031,0.4324468672275543,0.24973991513252258
SCH_010_CLS_0178_P006819,0.6971555352210999,0.7978090047836304,0.6209893822669983
SCH_010_CLS_0190_P001672,0.3694970905780792,0.5615995526313782,0.3280125856399536
SCH_010_CLS_0190_P004387,0.31169915199279785,0.4594641625881195,0.25120657682418823
SCH_010_CLS_0190_P006708,0.23595239222049713,0.3349374234676361,0.2008083015680313
SCH_010_CLS_0190_P006709,0.282354474067688,0.4228858947753906,0.23821333050727844
SCH_010_CLS_0190_P007137,0.6977736949920654,0.7772321701049805,0.6315034031867981
SCH_010_CLS_0193_P000698,0.3768065571784973,0.5062496662139893,0.3228674829006195
SCH_010_CLS_0193_P002698,0.3550589978694916,0.5013672113418579,0.3060290515422821
SCH_010_CLS_0193_P005124,0.4680125415325165,0.6103606224060059,0.4305303692817688
SCH_010_CLS_0193_P006558,0.38602253794670105,0.5731050968170166,0.34722715616226196
SCH_010_CLS_0201_P000952,0.3532719910144806,0.4994140565395355,0.3060290515422821
SCH_010_CLS_0201_P004782,0.3373781442642212,0.4964844286441803,0.28969311714172363
SCH_010_CLS_0201_P005675,0.4447576701641083,0.589267373085022,0.4058254361152649
SCH_010_CLS_0202_P000293,0.36224696040153503,0.5121070146560669,0.32629290223121643
SCH_010_CLS_0202_P001238,0.31674957275390625,0.5042967796325684,0.2929188013076782
SCH_010_CLS_0203_P006571,0.4284246563911438,0.5977487564086914,0.3964419960975647
SCH_010_CLS_0209_P000197,0.32870179414749146,0.47112593054771423,0.27388501167297363
SCH_010_CLS_0209_P002115,0.6730144023895264,0.7697039842605591,0.5750153660774231
SCH_010_CLS_0209_P004086,0.4660678505897522,0.6278599500656128,0.44205835461616516
SCH_010_CLS_0209_P005370,0.47190457582473755,0.6382942795753479,0.4305303692817688
SCH_010_CLS_0209_P005765,0.5776859521865845,0.6983500123023987,0.4974609315395355
SCH_010_CLS_0209_P007480,0.42174232006073,0.5664022564888,0.3742416501045227
SCH_010_CLS_0215_P000743,0.269864022731781,0.38528215885162354,0.2243272066116333
SCH_010_CLS_0215_P000949,0.3033808171749115,0.4324468672275543,0.2526789903640747
SCH_010_CLS_0215_P001505,0.23314718902111053,0.33146587014198303,0.2058703601360321
SCH_010_CLS_0215_P004148,0.5197163224220276,0.64948970079422,0.45558613538742065
SCH_010_CLS_0236_P001809,0.5187411904335022,0.6769616603851318,0.4759950339794159
SCH_010_CLS_0236_P002694,0.32184353470802307,0.46140506863594055,0.26771435141563416
SCH_010_CLS_0236_P003766,0.2887295186519623,0.43436530232429504,0.23821333050727844
SCH_010_CLS_0236_P005536,0.34793582558631897,0.5277059674263,0.3043724000453949
SCH_010_CLS_0241_P004772,0.3749738037586212,0.4964844286441803,0.3228674829006195
SCH_010_CLS_0242_P001153,0.48359963297843933,0.6414448618888855,0.4228858947753906
SCH_010_CLS_0242_P002397,0.6349508166313171,0.7468042969703674,0.565442681312561
SCH_010_CLS_0242_P002497,0.4428292214870453,0.6071042418479919,0.3945741355419159
SCH_010_CLS_0242_P005089,0.27450692653656006,0.390847772359848,0.23821333050727844
SCH_010_CLS_0242_P006023,0.4179365336894989,0.5664022564888,0.3815882205963135
SCH_010_CLS_0242_P007020,0.3694970905780792,0.5403417944908142,0.3143872320652008
